40.733211 34.358104 41.060093 60.635137 2.499807 0.125000 21.595404 
24.000706 9.375336 23.983916 53.125330 1.266310 0.125000 19.595805 
41.000295 3.117732 40.792405 28.136778 2.489527 0.125000 25.838548 
38.465805 31.157725 24.592352 7.480060 3.833830 0.125000 29.592747 
24.815128 55.152086 38.653490 31.453684 3.592925 0.125000 31.760916 
24.195223 0.729189 39.040475 26.344439 3.809822 0.125000 31.368997 
1.853932 29.080760 21.887922 29.272115 3.905034 0.125000 30.752233 
41.860098 29.282451 63.135226 29.046302 3.944003 0.125000 26.692565 
38.684676 37.197069 23.916209 62.860986 3.679668 0.125000 31.237266 
22.131335 63.120655 21.665360 35.628553 2.584376 0.125000 14.059217 
21.664633 26.871163 22.143281 0.629894 2.590770 0.125000 13.045943 
21.878440 33.758568 1.865455 33.867239 3.844969 0.125000 35.184326 
63.148151 34.013540 40.598930 33.689581 3.983049 0.125000 36.947515 
39.180846 23.126574 39.018633 3.117755 1.391828 0.125000 5.731120 
38.949285 60.636477 39.245346 39.373195 1.476115 0.125000 4.530407 
