340.466593 356.879964 340.404889 339.371370 2.552847 0.125000 10.898299 
305.596184 94.375059 305.599218 31.874999 2.502974 0.125000 78.245060 
340.506393 380.625495 340.433390 363.120586 2.572960 0.125000 10.898299 
219.378548 265.749995 203.120825 265.698718 2.547298 0.125000 11.416401 
140.625346 265.718021 124.374703 265.722213 2.503869 0.125000 9.121935 
220.635651 64.674619 210.622900 64.562405 2.583891 0.015625 8.603034 
250.651456 35.573973 226.911272 35.091229 4.028766 0.125000 13.652679 
265.627335 64.583307 255.614583 64.695525 2.583894 0.007812 10.159683 
54.386003 323.122173 54.331800 346.877754 2.551332 0.125000 31.423108 
233.195074 43.830573 248.267159 45.770519 4.075271 0.125000 4.075924 
54.274269 375.616816 54.452419 400.633350 2.651260 0.125000 34.486610 
385.625063 260.642607 364.370832 260.719256 2.567601 0.125000 15.906809 
50.589518 399.384205 50.779124 374.366694 2.660976 0.125000 30.935616 
218.436994 60.117953 226.407796 45.372449 4.666093 0.125000 5.783375 
288.130037 64.698457 270.623759 64.603285 2.581509 0.125000 10.009861 
205.626686 64.615566 186.868846 64.747058 2.605086 0.125000 9.763905 
265.303578 186.874997 265.303933 153.124997 1.250342 0.125000 11.416401 
83.582282 54.326940 84.895339 66.820312 3.400896 0.125000 3.714970 
248.167902 93.428651 236.964927 95.011487 2.825159 0.125000 2.042462 
260.733398 259.374727 260.761762 270.627806 2.525197 0.125000 2.042462 
401.874518 260.703672 390.617286 260.634742 2.561184 0.125000 5.094771 
50.691776 346.877967 50.632198 323.121847 2.556420 0.125000 26.056597 
265.813047 46.815307 270.121540 60.388020 3.687868 0.125000 10.516877 
109.374986 139.129684 159.375022 139.130404 2.500721 0.125000 59.280170 
41.893181 90.456730 65.636474 90.057675 3.686453 0.125000 11.564854 
170.625520 349.773690 129.373959 349.827543 2.526107 0.125000 43.068240 
337.053347 92.501955 359.513750 86.112759 4.477706 0.125000 16.722235 
416.876955 49.421407 370.623017 49.346288 2.571049 0.125000 79.885449 
328.008181 88.584667 338.874064 91.346112 3.654525 0.125000 6.461618 
343.530612 344.374865 343.541034 375.624861 1.260005 0.125000 9.610221 
29.164174 373.126174 29.172643 365.626183 2.507057 0.015625 1.753957 
241.869169 263.954469 256.877215 264.059980 1.346633 0.003906 8.395827 
43.124285 255.416853 86.874265 255.446861 2.528292 0.125000 49.346181 
259.373530 255.404546 301.877012 255.465212 2.557091 0.125000 49.346181 
271.074829 66.521800 258.823468 89.743499 5.405873 0.125000 16.279020 
75.789374 365.622873 75.886835 373.153964 3.733511 0.125000 2.042462 
117.519570 42.841535 109.225938 60.555208 4.142181 0.125000 11.616929 
236.458871 96.514434 211.150442 84.673669 4.840214 0.125000 16.343918 
29.205443 356.876546 29.136945 349.365771 2.556894 0.015625 1.216105 
371.239402 50.633516 371.125193 75.638703 5.091295 0.125000 18.610112 
394.330946 152.008582 387.950426 149.904350 3.561330 0.125000 0.579321 
166.607045 62.564089 163.578143 50.511126 3.649521 0.125000 5.358663 
43.371425 60.641691 43.142112 46.853926 2.686734 0.125000 9.121935 
415.559621 152.067689 409.194189 149.907892 3.572346 0.125000 1.482411 
44.110323 200.626046 44.146153 166.874757 1.284501 0.125000 11.416401 
217.298315 42.098549 208.383425 60.134890 4.533689 0.125000 9.227468 
258.440688 84.533298 267.711653 66.044529 4.485627 0.125000 12.597239 
226.827646 32.703721 241.917995 31.007500 4.285037 0.125000 7.447287 
109.120827 65.750438 118.275633 84.300660 3.959591 0.125000 10.533419 
154.443990 89.560511 140.731080 94.660244 3.350159 0.125000 7.084075 
223.515462 161.874826 223.522716 178.124822 1.256696 0.007812 9.463646 
340.641546 34.443070 327.978226 37.521169 3.677556 0.125000 7.931276 
25.618468 263.943369 40.627489 264.063159 1.359699 0.015625 4.118298 
66.937758 141.971575 45.682671 140.815078 4.151937 0.125000 6.715799 
121.540674 87.131398 143.115107 91.919575 4.607271 0.125000 13.414957 
134.218963 54.374884 134.205999 71.875801 2.512037 0.125000 13.222581 
129.374159 372.736876 170.625340 372.777150 2.519525 0.125000 43.964813 
239.375002 160.951749 224.375002 160.951819 1.250064 0.003906 12.620521 
370.623803 76.708583 416.875883 76.669497 3.785914 0.125000 82.686481 
45.624532 264.016583 83.126101 263.967602 1.297344 0.125000 13.222581 
328.126426 32.630727 353.133432 32.702884 4.985552 0.125000 18.151221 
123.969019 35.182110 138.388576 31.724079 3.987629 0.125000 7.591958 
316.700496 154.360002 316.292568 193.105708 3.749792 0.125000 57.034849 
304.373332 264.045033 321.879203 263.956544 1.332124 0.007812 12.380645 
55.668254 94.095683 42.893879 92.117472 3.219476 0.125000 5.403206 
319.095589 147.882920 327.019939 146.398986 3.685929 0.125000 5.094771 
213.291992 84.818477 204.583452 63.551500 4.736830 0.125000 15.211341 
241.875860 181.902704 221.874187 181.916160 2.511772 0.125000 14.456543 
225.613631 90.647771 249.361737 90.859894 3.850334 0.125000 16.402101 
240.482170 178.125151 240.464975 161.875169 2.514548 0.125000 8.234557 
77.004727 81.009825 82.954963 59.676216 4.005274 0.125000 15.006558 
318.882528 43.699342 311.255298 63.369403 5.042379 0.125000 14.453919 
416.875406 79.811506 368.124285 79.856879 2.503489 0.125000 57.473990 
51.860440 31.966083 65.852351 34.202776 3.358794 0.125000 7.084075 
139.416714 34.568493 124.310364 37.825182 3.760994 0.125000 9.670037 
243.469967 160.625545 243.440334 179.375498 1.277656 0.125000 0.579321 
344.002461 95.670059 321.229447 89.119141 4.953362 0.125000 17.768557 
83.126056 258.502439 45.624598 258.457045 1.293878 0.125000 14.125671 
109.199102 143.217740 117.562547 159.080588 4.362686 0.125000 4.622257 
230.719392 356.877965 230.674471 339.371666 2.541689 0.125000 10.009861 
88.123336 264.043529 105.629170 263.955645 1.331562 0.003906 12.375456 
186.867862 61.316550 205.628765 61.510193 1.417651 0.125000 0.281697 
224.375150 179.033583 239.375147 179.040155 1.256024 0.003906 11.542898 
270.622657 61.497312 288.129738 61.388697 1.350790 0.003906 12.375456 
311.314605 64.076431 319.471194 82.915742 5.203662 0.125000 11.316611 
335.839898 151.639482 343.565095 146.256598 3.884064 0.125000 1.108665 
404.165506 147.534349 413.084508 146.519229 3.584588 0.125000 2.924509 
43.146488 79.396194 43.376316 65.608353 2.687152 0.125000 9.121935 
120.395607 161.941837 140.440580 165.433671 3.964546 0.125000 10.281794 
299.375997 258.500833 261.874620 258.458064 1.291341 0.125000 14.125671 
360.569331 147.623524 370.584671 146.511714 3.174317 0.125000 4.191681 
418.369964 193.118152 418.198201 155.618939 2.671739 0.125000 39.482971 
109.782199 75.795730 106.958783 61.858028 3.210529 0.125000 7.084075 
161.978987 79.406972 166.624504 64.297981 3.491683 0.125000 10.483121 
65.629354 35.886517 41.879814 35.781914 3.738953 0.125000 14.798575 
205.085239 59.739535 215.748553 38.186126 4.528681 0.125000 14.934921 
208.113395 65.630874 217.963343 85.089577 3.965601 0.125000 10.793899 
221.875119 158.156192 241.879590 158.079994 2.576162 0.125000 26.056597 
230.624481 381.882175 230.732232 363.118438 2.593273 0.125000 13.980731 
367.912953 74.419246 368.348378 51.903493 3.700961 0.125000 23.259617 
381.835933 147.885545 390.756364 146.430171 3.701066 0.125000 3.807529 
69.552871 89.904663 56.810761 94.183709 2.794382 0.125000 2.802091 
106.148119 60.270909 116.924477 38.149102 4.610660 0.125000 10.418500 
360.624423 257.718129 389.375265 257.737796 2.516246 0.125000 25.162818 
150.537204 37.274661 140.473658 35.063932 3.126263 0.125000 0.265838 
242.868621 31.353618 253.332422 35.035516 3.668545 0.125000 6.273061 
256.888377 266.729461 241.860302 266.911476 2.651201 0.125000 13.566363 
421.741163 154.365445 422.062346 191.884097 2.799519 0.125000 63.709706 
30.625023 364.632128 74.375133 364.628260 2.503757 0.125000 47.552041 
80.184137 161.455646 71.957410 145.582289 3.823479 0.125000 8.589982 
22.573426 62.073998 26.666251 47.709368 3.942337 0.125000 9.755423 
124.371256 262.729057 141.881878 262.805812 2.499976 0.125000 13.222581 
40.639514 266.728289 25.609227 266.926017 2.664210 0.125000 13.566363 
83.125221 266.809816 45.624989 266.816810 2.506761 0.125000 40.315281 
147.998880 348.125833 147.833720 323.118668 2.640288 0.125000 18.549470 
162.438757 140.396283 156.939443 156.896478 3.557935 0.125000 9.054677 
344.257378 146.204136 352.191714 147.815597 4.172561 0.125000 2.802031 
354.471600 37.738966 341.237506 34.427302 4.245863 0.125000 5.981454 
151.546937 375.620422 151.664925 399.382250 2.605484 0.125000 19.804775 
82.433302 58.364729 72.900618 41.302003 4.718479 0.125000 9.822347 
105.631167 266.881589 89.369168 266.800932 2.574366 0.125000 16.238000 
169.103300 60.764132 167.137011 74.590035 3.542180 0.125000 5.488323 
201.874921 262.760839 219.375032 262.762406 1.251568 0.007812 12.380645 
235.255543 376.235821 261.972173 360.793114 3.534465 0.125000 38.033122 
321.879800 266.874739 304.375259 266.807534 2.557570 0.125000 13.269684 
402.665603 273.125164 402.667942 261.874905 2.501299 0.125000 3.288591 
34.102654 41.738375 24.828459 60.225407 4.483999 0.125000 11.337322 
46.904700 138.222668 63.136765 138.423347 3.935146 0.125000 8.924560 
151.740439 323.112261 151.510235 348.133145 2.695396 0.125000 17.459796 
312.344730 157.127896 317.120575 148.257214 3.978927 0.125000 3.652267 
25.654748 66.862648 31.001005 79.737913 3.463297 0.125000 8.791825 
41.875289 64.510688 26.875357 64.542597 2.526585 0.125000 6.461618 
46.981378 166.874893 47.015474 200.626121 2.531568 0.125000 33.213243 
74.374994 358.049673 30.624903 358.052888 2.503124 0.125000 47.552041 
142.779031 199.376263 142.824436 166.874580 1.293655 0.125000 8.234557 
156.875835 141.963160 111.874061 141.930813 2.531446 0.125000 50.243373 
139.158185 31.201908 158.469107 38.459389 4.248331 0.125000 13.422250 
29.290743 83.600459 21.980920 63.087256 4.953779 0.125000 13.239170 
135.286565 95.088127 115.573813 85.732857 4.153430 0.125000 12.338453 
266.331976 361.837265 231.355875 382.234847 3.776416 0.125000 44.776787 
266.658953 59.443521 263.434493 49.276841 3.138814 0.125000 5.997861 
125.636164 64.620654 111.860077 64.467525 2.624888 0.125000 4.691436 
170.625320 365.928071 129.374047 365.971577 1.292186 0.125000 15.931851 
217.181531 38.639132 227.308163 32.601526 3.654502 0.125000 6.214589 
257.630714 88.179651 247.826079 93.858947 3.759224 0.125000 6.214589 
248.080666 90.088992 257.015569 84.603983 3.923779 0.125000 4.534674 
249.862884 46.592277 257.713206 60.139270 4.387133 0.125000 6.147602 
26.874702 61.592536 41.874686 61.576731 1.264486 0.015625 5.997861 
164.584077 46.369493 170.027757 62.081919 3.496864 0.125000 9.755423 
321.209607 88.966185 311.701924 75.370155 3.990041 0.125000 5.886650 
86.018677 67.090091 74.491238 88.188508 4.297064 0.125000 12.493166 
141.874922 167.052382 126.874374 167.045773 2.506058 0.125000 6.461618 
371.407878 358.939797 345.179064 343.902841 3.744412 0.125000 31.801564 
111.873083 61.621331 125.631744 61.517341 1.344438 0.007812 5.388628 
312.771024 191.876017 312.809346 158.123222 2.536898 0.125000 36.702921 
40.522034 35.301739 52.181698 31.587880 3.193748 0.125000 3.652267 
76.862897 146.879375 83.180396 164.354974 4.575258 0.125000 7.572837 
228.795231 35.841210 217.152870 42.370471 3.749572 0.125000 7.084075 
262.893635 359.776537 235.218644 343.830236 3.543163 0.125000 38.748385 
266.245845 380.638478 266.653864 361.843064 3.993279 0.125000 22.443856 
356.868049 90.602237 344.735872 94.306822 3.686878 0.125000 5.395264 
248.307422 50.000550 236.932662 46.677617 3.599549 0.125000 2.185709 
374.795005 362.594635 341.301624 382.142579 3.599912 0.125000 50.615065 
231.310644 337.845568 266.310134 358.196720 3.669897 0.125000 47.065471 
268.199607 150.625148 268.204476 189.375147 2.504713 0.125000 40.379128 
43.255995 92.939253 28.528468 82.552895 3.666784 0.125000 13.937065 
147.837933 399.380744 147.987101 374.374177 2.626712 0.125000 17.459796 
345.196809 376.131817 371.933817 360.727085 3.801594 0.125000 33.536777 
256.237843 190.843454 242.232670 182.522964 3.457906 0.125000 10.483121 
328.005584 145.791553 335.685152 151.297696 3.725976 0.125000 0.265838 
29.885400 150.894111 47.652110 137.497833 3.730776 0.125000 9.260373 
126.006415 166.874423 126.055596 199.376240 1.297286 0.125000 10.513311 
226.744363 50.570850 220.888567 64.697983 5.013803 0.125000 0.670841 
27.536578 164.584730 32.068215 150.289984 3.633011 0.125000 6.602090 
145.574455 165.625075 145.624341 199.376848 2.546185 0.125000 44.861482 
353.353118 32.867630 367.878864 45.742408 3.954416 0.125000 19.012136 
341.262038 337.926215 374.762563 357.460340 3.598434 0.125000 47.946381 
359.464976 84.445929 366.593528 75.403113 3.869261 0.125000 6.214589 
254.410095 63.992152 250.785942 51.827053 3.823503 0.125000 2.569589 
217.258545 83.694536 228.348812 89.945601 4.217101 0.125000 6.444847 
242.029513 179.110027 256.098050 187.313770 3.418986 0.125000 6.602090 
301.879331 361.555546 274.372642 361.479639 2.568980 0.125000 22.080289 
311.577129 50.749328 321.306597 37.370684 3.859665 0.125000 6.989595 
406.872653 266.420729 424.378644 266.330272 1.333949 0.007812 8.767820 
171.307658 262.307846 164.220869 273.484698 3.270300 0.125000 3.714970 
256.105952 152.700449 242.034717 160.899120 3.240127 0.125000 5.623011 
257.966859 42.137703 248.052272 36.169330 3.868064 0.125000 6.214589 
24.120794 49.097229 42.417920 32.352373 3.297378 0.125000 13.203284 
178.754054 272.734297 172.880195 263.277047 3.330740 0.125000 1.213512 
266.623633 356.912772 266.181267 339.329557 4.031756 0.125000 24.272605 
30.920985 80.227050 41.157013 87.840330 3.522956 0.125000 7.931276 
37.768728 146.701062 30.411457 161.770745 3.316891 0.125000 8.095760 
70.095829 33.856764 86.297218 56.391712 4.185775 0.125000 12.256326 
242.670146 157.378268 256.230167 149.118500 3.300061 0.125000 11.381223 
343.124604 266.400564 358.125636 266.388054 1.262509 0.003906 11.542898 
180.557391 268.081885 187.464431 257.250886 3.161800 0.125000 6.273061 
156.210752 257.296619 163.095676 268.143613 3.166070 0.125000 2.878423 
414.063490 145.917562 422.530702 154.933150 3.533796 0.125000 1.556951 
113.493139 158.983299 106.209811 140.892808 4.397232 0.125000 5.988057 
163.551346 50.500217 155.521932 40.709527 3.789434 0.125000 9.763905 
319.708341 82.614854 328.433403 88.316020 3.139243 0.125000 5.094771 
251.694478 33.351005 260.084069 40.052219 3.900631 0.125000 6.273061 
235.688486 47.023946 227.988933 50.305770 3.449705 0.125000 2.385501 
364.385432 46.657622 353.586904 37.382025 4.072434 0.125000 9.670037 
148.170552 268.153749 155.028498 257.287436 3.171240 0.125000 4.504509 
188.632318 257.341675 195.469555 268.222676 3.175183 0.125000 4.504509 
195.411073 273.761464 188.632567 262.314650 3.665327 0.125000 1.226618 
155.140035 262.361514 148.040077 273.526073 3.451109 0.125000 1.556951 
164.349780 268.108964 171.243047 257.267987 3.261971 0.125000 5.358663 
172.447955 257.298714 178.914235 267.631075 3.315647 0.125000 4.504509 
233.732585 344.375287 233.717804 375.625280 2.513599 0.125000 29.633588 
367.333425 53.530731 363.863860 46.509871 3.915685 0.125000 4.191681 
369.043362 79.072698 357.619329 90.143105 4.460552 0.125000 6.147602 
129.374090 356.564196 170.625262 356.604171 1.288762 0.125000 15.931851 
168.147967 74.393651 156.336839 88.937971 3.575275 0.125000 9.394115 
368.124805 46.239867 416.875197 46.255353 2.515486 0.125000 57.473990 
74.386401 374.131583 55.621141 374.053601 3.749968 0.125000 26.950571 
115.640503 84.363975 107.388208 72.760026 3.350238 0.125000 9.763905 
152.165681 158.267524 159.548512 143.210075 3.432298 0.125000 6.602090 
187.526668 262.294259 180.578012 273.094770 3.227183 0.125000 5.358663 
49.383893 374.020932 30.610928 374.207271 2.661165 0.125000 11.787215 
63.186571 138.032750 75.874524 146.501145 3.472043 0.125000 7.991256 
339.377665 361.476217 309.370132 361.570175 2.586094 0.125000 28.739074 
229.377568 361.478766 199.370320 361.569019 2.582700 0.125000 26.503524 
321.826754 38.047460 327.674052 34.409219 3.584941 0.062500 4.191681 
411.882338 361.571176 383.121173 361.435350 2.618034 0.125000 21.825783 
30.620357 348.539916 49.377183 348.592221 2.548791 0.125000 15.028761 
44.950704 36.783350 35.462632 41.551935 3.350627 0.125000 2.924509 
55.623092 348.586141 74.379030 348.540769 2.542326 0.125000 14.125671 
126.078462 38.096073 118.652111 42.721334 3.583317 0.125000 0.281697 
156.077159 157.449336 144.879077 166.265283 3.573253 0.125000 6.320430 
263.250533 49.623532 258.220902 42.715251 3.581244 0.125000 2.042462 
391.492312 146.121361 399.038878 151.939665 3.506339 0.125000 2.924509 
327.268422 38.250210 319.508904 44.159431 3.503579 0.125000 5.997861 
163.226977 273.511639 156.108495 262.364484 3.452553 0.125000 2.363730 
70.623698 85.623720 75.590489 80.569452 2.690127 0.062500 0.579321 
80.631458 166.129221 66.871665 166.010063 1.358198 0.007812 3.360538 
141.280214 164.267651 150.963407 158.715160 3.108985 0.125000 4.691436 
43.131979 165.946161 29.361319 166.245386 1.494101 0.015625 7.601727 
260.557119 40.457775 269.097717 50.852817 3.518700 0.125000 9.763905 
309.370305 358.494129 339.377302 358.581145 2.579736 0.125000 27.844732 
383.121730 358.618388 411.881998 358.494082 2.608029 0.125000 21.825783 
199.370506 358.495966 229.377206 358.579158 2.576232 0.125000 27.844732 
273.121969 358.611911 301.881445 358.497686 2.599273 0.125000 21.825783 
153.671211 40.136036 133.957525 54.284957 3.382038 0.125000 18.274616 
156.462150 37.239608 165.805657 47.819388 3.309782 0.125000 8.889638 
389.782450 260.969568 379.449614 273.188099 2.421475 0.125000 5.403206 
51.287329 49.814491 66.465086 38.809651 3.213237 0.125000 11.336740 
311.061830 75.580141 311.562761 94.416546 3.682214 0.125000 20.077347 
135.238405 50.095433 150.381114 39.040919 3.220685 0.125000 9.755423 
150.438507 87.123573 141.839582 80.672208 3.000646 0.125000 0.265838 
311.554245 31.833726 311.059311 50.669258 3.617368 0.125000 19.204118 
63.128227 166.010121 48.118806 166.135901 1.365178 0.003906 8.395827 
47.377682 141.828341 38.646279 146.860608 3.083658 0.125000 2.924509 
50.107912 72.110644 61.059522 80.023619 3.209420 0.125000 2.185709 
68.905322 40.463361 50.010031 54.010714 3.507542 0.125000 19.880897 
127.528891 79.385949 127.622420 63.122110 3.814632 0.125000 15.624005 
49.929423 51.876280 49.883226 71.879061 3.790406 0.125000 22.536446 
143.566745 78.765338 153.687555 86.098605 3.036655 0.125000 2.802091 
272.886159 339.351401 272.588404 358.136308 2.737417 0.125000 8.791825 
122.732216 164.955487 113.552100 158.743799 3.105810 0.125000 3.807529 
127.635336 60.638726 127.526626 46.859997 3.838640 0.125000 18.020790 
272.573002 361.864360 272.859331 380.648104 3.959138 0.125000 18.156698 
60.140930 82.560115 51.359043 76.355245 3.184820 0.125000 0.265838 
118.224157 39.506157 124.606396 34.681072 2.991338 0.062500 1.837573 
155.331161 85.376703 161.727771 77.806854 3.227168 0.125000 1.938184 
364.364421 274.911034 376.880195 274.725593 2.647875 0.125000 0.216249 
199.374769 163.913521 219.375390 163.903514 1.260006 0.125000 0.579321 
384.792667 318.629429 365.884596 339.737835 3.181455 0.125000 22.456116 
300.955521 271.877834 300.916989 259.374100 2.534657 0.125000 3.807529 
45.624158 272.606002 83.126088 272.545144 2.502025 0.125000 38.586927 
123.429708 199.377274 123.480911 164.373692 2.545709 0.125000 31.481156 
261.874470 272.543708 299.375437 272.573453 2.508923 0.125000 40.315281 
404.375587 277.569074 375.624299 277.538729 2.527703 0.125000 25.162818 
362.463056 261.874670 362.457445 273.125291 1.255611 0.015625 1.391652 
174.414493 364.351895 174.246629 373.146409 2.642673 0.125000 1.076195 
219.375377 176.108039 199.374767 176.098194 1.259844 0.125000 0.579321 
382.600217 339.354499 382.397597 356.895476 3.908569 0.125000 34.108528 
424.386563 269.152594 406.868011 269.015024 2.617711 0.125000 8.016360 
358.137140 268.991283 343.105058 269.201936 2.674906 0.125000 7.347770 
382.336462 361.848346 382.648772 381.901884 3.983124 0.125000 30.115430 
173.126785 359.302694 126.873495 359.240258 2.560742 0.125000 51.140645 
301.875979 275.224302 259.373155 275.273271 2.547524 0.125000 45.758245 
364.790419 337.236746 380.465408 319.236027 2.828044 0.125000 17.346695 
85.626378 275.228072 43.122451 275.296719 2.566619 0.125000 45.758245 
373.097494 277.297334 360.569789 277.713667 2.664694 0.125000 0.216249 
353.550268 337.243675 369.184325 319.209700 3.591243 0.125000 15.410920 
375.980379 380.659574 376.358249 363.113871 3.937529 0.125000 16.611572 
266.906829 190.368267 256.858502 190.156000 2.684241 0.015625 8.603034 
256.860818 149.826180 266.902037 149.647915 2.654923 0.125000 0.281697 
31.874340 163.573515 78.125338 163.535441 2.536015 0.125000 50.243373 
376.324456 356.885026 376.005032 339.345315 3.976984 0.125000 19.880897 
63.721805 200.626165 63.787706 166.873853 2.561011 0.125000 34.108528 
126.873444 363.514481 173.125553 363.430825 2.579126 0.125000 51.140645 
379.374915 274.846796 401.874914 274.844330 2.502192 0.125000 18.641121 
173.133727 375.350213 153.120074 375.235671 2.600113 0.125000 14.456543 
371.148711 321.086212 355.296924 339.086076 3.107613 0.125000 18.156658 
145.630379 375.303514 126.872042 375.239305 2.564165 0.125000 14.125671 
219.376715 166.386542 198.121192 166.434419 2.542227 0.125000 14.148053 
126.873141 347.490155 146.876735 347.550590 1.306642 0.125000 9.610221 
153.124198 347.487624 171.875802 347.512165 1.274538 0.125000 14.125671 
199.368317 173.586556 219.377773 173.664682 2.568308 0.125000 16.834941 
66.295498 166.873100 66.391137 200.629912 2.588526 0.125000 34.108528 
133.101163 207.871185 149.371757 208.260517 2.648795 0.125000 3.173953 
260.866251 214.822919 245.780840 213.049420 2.807451 0.125000 0.753881 
375.930226 273.391582 385.831325 262.055203 2.705215 0.125000 6.273061 
250.568104 204.669805 263.084397 207.085385 2.454703 0.062500 0.708234 
238.045077 207.821678 249.796647 204.725221 2.801221 0.125000 1.076195 
0.848215 1.875000 0.847810 446.875000 1.250403 0.125000 306.726827 
234.363484 105.650743 219.364811 105.791828 2.640981 0.125000 6.273061 
446.875000 0.848340 1.875000 0.848952 1.250610 0.125000 307.629917 
448.125021 449.928437 0.624983 449.914638 1.263761 0.125000 303.840696 
447.985356 446.875001 447.982303 1.875001 1.253036 0.125000 308.533007 
1.875002 447.932613 446.875002 447.936351 1.253717 0.125000 306.726827 
144.147240 238.124682 144.175169 218.124721 1.276183 0.125000 1.482411 
274.178663 233.125903 274.115432 219.370447 1.307446 0.007812 2.761543 
119.447504 246.265794 106.828706 244.763979 2.334755 0.125000 0.216249 
153.178214 234.350708 153.635236 211.834613 2.474118 0.007812 4.047717 
126.876067 204.670085 105.626345 204.746949 1.326856 0.125000 1.482411 
156.344453 211.849638 155.387723 231.863657 2.497148 0.031250 2.858768 
269.669838 219.394987 270.035865 236.887328 1.589683 0.125000 3.807529 
116.762441 209.032915 102.871198 213.603652 2.750139 0.125000 2.878423 
86.296981 239.384621 86.619566 216.853446 2.481849 0.125000 18.020790 
146.237662 215.616385 146.589369 240.629016 1.566222 0.125000 11.787215 
166.801724 204.965671 175.724543 206.072594 2.327093 0.062500 0.663279 
248.101564 218.202246 263.226329 222.791016 2.540358 0.125000 2.044530 
254.377801 229.367223 236.894417 223.071081 3.010152 0.125000 1.291602 
138.711594 224.314892 138.017227 231.978492 2.377006 0.062500 1.783441 
176.842212 242.307516 158.010913 240.879983 3.532204 0.125000 2.525780 
259.420310 241.356958 244.400487 242.286723 3.190297 0.125000 0.717972 
98.639710 235.434697 110.590147 243.726725 2.396785 0.125000 1.938184 
303.139908 221.806988 303.683245 231.912194 2.429281 0.062500 0.233386 
159.182754 238.159278 174.220034 240.410233 2.343468 0.125000 1.108665 
110.770471 244.084298 128.247678 241.433993 2.957965 0.125000 0.999997 
268.364777 239.436595 267.292464 221.849546 2.419293 0.125000 7.144142 
104.197096 209.845722 118.079666 206.676422 2.609692 0.125000 1.213512 
145.582137 241.162964 127.995373 242.221655 3.517888 0.062500 1.741217 
176.940603 208.580637 163.181215 207.444309 2.388636 0.125000 1.076195 
284.097881 230.643079 284.237635 223.122447 1.365906 0.007812 0.880351 
356.607575 226.479252 361.811798 239.400456 2.576529 0.125000 3.667574 
230.447469 238.126475 230.281312 218.127856 1.405735 0.125000 0.579321 
240.545064 222.123518 256.728937 227.329102 2.421615 0.125000 6.273061 
240.197071 230.641806 250.688862 234.185948 2.368514 0.125000 2.385501 
259.454152 224.094216 245.410646 220.135399 2.374070 0.125000 5.576154 
313.778805 220.610212 313.668514 234.379354 2.499920 0.125000 7.804041 
232.983174 219.353777 233.390899 240.643846 2.427739 0.125000 0.717972 
351.692192 240.691333 348.450279 231.756970 2.454150 0.125000 1.482411 
114.456034 237.134971 124.635863 233.961897 2.464184 0.125000 0.281697 
225.948762 220.622138 226.103551 238.131820 1.393599 0.007812 8.767820 
160.733964 231.904177 160.349843 216.882036 2.786755 0.031250 9.772081 
204.447006 218.095369 204.952309 240.640077 2.415343 0.125000 13.980731 
341.803269 223.143531 341.592756 208.128957 2.482230 0.125000 6.461618 
206.875000 240.625000 206.875000 215.625000 1.250000 0.125000 5.094771 
216.096235 224.372422 216.042429 240.626382 1.303786 0.003906 7.218027 
361.499791 216.662375 356.227370 225.966354 2.465122 0.125000 2.385501 
290.575373 213.109204 303.105121 212.617964 2.889839 0.125000 0.385620 
284.377816 241.970261 271.888730 242.339463 2.461972 0.125000 0.216249 
89.206331 216.822509 88.417740 238.135831 2.452072 0.125000 12.246689 
337.381043 208.122871 337.295198 238.126202 1.332253 0.125000 8.707131 
209.696939 216.871231 209.610621 238.125957 1.331211 0.125000 2.385501 
291.605991 233.184208 291.213009 223.102081 2.498103 0.125000 0.281697 
202.701882 238.129916 202.498437 220.617757 1.453206 0.125000 6.900951 
213.689923 238.129024 213.805734 221.870945 1.365718 0.125000 6.273061 
223.773819 240.628419 223.674269 223.121877 1.349491 0.125000 9.610221 
106.866672 202.419149 124.381700 202.687225 1.479409 0.125000 9.610221 
335.149155 236.877609 335.046335 218.128173 1.332239 0.125000 0.579321 
75.462363 77.035608 53.104460 54.395284 1.250000 0.125000 1.161486 
338.142115 339.357833 296.829326 298.170814 1.250000 0.125000 16.834941 
300.625000 299.375000 338.125000 336.875000 1.250000 0.125000 14.125671 
56.810088 55.691556 75.791596 74.204184 1.250000 0.125000 0.579321 
81.875000 80.625000 108.125000 106.875000 1.250000 0.125000 5.997861 
120.576568 119.424279 138.862913 137.396051 1.250000 0.062500 1.837573 
135.625000 136.875000 115.625000 116.875000 1.250000 0.125000 1.482411 
423.125000 424.375000 383.125000 384.375000 1.250000 0.125000 15.931851 
384.375000 383.125000 424.375000 423.125000 1.250000 0.125000 15.028761 
101.875000 103.125000 81.875000 83.125000 1.250000 0.125000 0.579321 
175.625000 176.875000 158.125000 159.375000 1.250000 0.062500 4.191681 
